0.6955196825864527
0.6214306826111906
0.48339082950464013
0.46417917544979626
0.47057331789214696
0.4576677983711925
0.46018207910389974
0.4713886717729568
0.48445412248146347
0.5012113439664195
0.5218053100488464
0.5379095083948038
0.5444034618208442
0.5480432768513649
0.5701935611042401
0.5662708635535949
0.5581999002028603
0.5641675459268176
0.5748828929134508
0.5800546133931724
0.5734154044562078
0.5664000001089422
0.569059589202034
0.575411187306126
0.5806582773437532
0.5841976541354168
0.5860025297357572
0.5960736632885036
0.598799905624803
0.604623191036306
0.6092909895993476
0.6119031000859402
0.6199180847429879
0.6291803211161389
0.6407889376718168
0.6494834584897744
0.6508379728766772
0.6526717708031404
0.6473547315312147
0.6342880211465797
