-3.2074012856127807e-12
2.1717513731436273e-12
9.792475845916145e-12
1.0398558362253089e-11
-1.3469775909126175e-11
-9.520008714780743e-12
-4.545942021826063e-12
-9.369972045237287e-13
6.857176289263934e-13
-4.005632861116333e-12
3.066015032208729e-12
-2.3691188739465343e-12
3.395173508398288e-12
1.7099117225331304e-12
2.184142429205798e-12
7.929801434080995e-12
1.78856139759427e-11
3.113062591330854e-12
6.1714515023465975e-12
-2.6568666448272e-12
1.0274269456127007e-11
7.714812658788427e-12
4.247645014330081e-12
6.807266398696647e-12
-9.137592462721836e-12
-8.024920894428343e-12
7.55072055901497e-12
3.379594911139823e-12
5.048771280585093e-12
1.7116206963093127e-12
1.949962320579165e-12
-2.0036721348745276e-12
9.073249199020317e-12
-5.853548178023177e-13
-3.0888403335202654e-12
1.8784102705279583e-12
-5.171825073703805e-12
4.552100325749923e-13
-5.6848521429641435e-12
-2.645570746249895e-12
